localPosition.x:0000.00000|localPosition.y:0000.00000|localPosition.z:-0002.57200|localRotation.x:0000.23912|localRotation.y:0000.36964|localRotation.z:-0000.09905|localRotation.w:0000.89240|localScale.x:0001.00000|localScale.y:0001.00000|localScale.z:0001.00000|intensity:0001.29000|range:0010.00000|Directional|color.r:0000.97442|color.g:0001.00000|color.b:0000.93725|color.a:0001.00000|spotAngle:0030.00000|shadows:Soft|shadowStrength:0001.00000|shadowResolution:FromQualitySettings|shadowBias:0000.05000|shadowNormalBias:0000.40000|shadowNearPlane:0000.20000
localPosition.x:0000.00000|localPosition.y:-0000.66200|localPosition.z:-0002.57200|localRotation.x:0000.89240|localRotation.y:-0000.09905|localRotation.z:-0000.36964|localRotation.w:-0000.23912|localScale.x:0001.00000|localScale.y:0001.00000|localScale.z:0001.00000|intensity:0001.00000|range:0010.00000|Directional|color.r:0000.98113|color.g:0000.58402|color.b:0000.54147|color.a:0001.00000|spotAngle:0030.00000|shadows:Soft|shadowStrength:0001.00000|shadowResolution:FromQualitySettings|shadowBias:0000.05000|shadowNormalBias:0000.40000|shadowNearPlane:0000.20000
